100 99
0 0 0 0 0 0 0 0 0 0 0 0 0 0 0 0 0 0 0 0 0 0 0 0 0 0 0 0 0 0 0 0 0 0 0 0 0 0 0 0 0 0 0 0 0 0 0 0 0 0 0 0 0 0 0 0 0 0 0 0 0 0 0 0 0 0 0 0 0 0 0 0 0 0 0 0 0 0 0 0 0 0 0 0 0 0 0 0 0 0 0 0 0 0 0 0 0 0 0 0 
2 29
2 34
4 8
4 86
4 90
5 69
5 90
6 56
7 3
8 54
9 25
9 37
9 48
9 92
12 74
13 21
14 70
15 56
16 15
16 24
16 71
18 98
19 64
20 41
20 68
22 3
22 94
23 5
24 16
24 51
25 9
25 39
25 89
25 90
26 8
26 44
27 10
27 24
27 26
28 29
28 51
29 9
31 69
35 48
35 88
38 11
39 52
41 59
42 14
44 70
44 87
45 13
46 86
49 12
49 84
52 45
53 68
54 55
54 60
54 80
59 6
63 20
64 23
64 32
64 52
65 55
65 56
68 72
68 73
69 12
69 21
69 37
69 46
72 27
72 66
74 46
75 50
76 41
78 29
81 52
83 11
83 16
84 51
84 96
85 21
85 84
86 62
87 51
90 60
90 96
92 35
93 60
96 32
97 22
97 51
99 82
100 6
100 18
100 81
