784
541 1131
128 20395
521 32688
681 95344
576 48681
25 95617
799 18180
599 95503
119 57523
430 42508
522 60522
358 59929
87 16657
376 29967
25 76182
894 40025
358 78111
487 26736
606 82102
720 60556
736 9536
120 63193
321 32148
515 39927
656 66405
51 70222
701 69079
845 40203
747 38147
256 14706
239 97986
387 64820
229 10523
298 37866
294 36671
839 31552
675 87242
401 24874
101 52980
568 53108
973 43827
321 90686
105 36556
631 80462
668 73911
23 10430
698 19040
682 6284
304 74268
456 39533
565 9837
677 74628
10 57730
324 87231
959 6592
818 76010
251 24998
141 34944
250 58918
30 8227
553 69348
180 19029
363 45524
494 82203
403 39110
798 15717
138 68456
101 76530
304 63400
3 73127
461 99353
828 82034
236 55700
143 66834
505 21268
352 3555
886 21130
30 36718
773 83628
329 21285
159 69590
578 15833
253 12223
369 35016
439 82049
861 17919
465 16982
191 8216
373 36857
546 23187
503 89680
632 5604
373 56191
341 49593
594 68519
908 67799
192 93578
938 83773
415 42654
857 29248
218 65036
327 27850
305 4689
391 25473
607 62127
845 23414
650 39372
555 93763
696 51464
44 65819
775 27895
90 65515
851 69601
854 51476
906 69789
750 21227
701 94972
940 36351
199 20846
214 79217
117 52596
820 72902
968 78686
556 4834
226 17665
523 9642
433 37796
427 9033
378 2825
461 31261
752 83222
986 39007
645 58915
874 59680
487 11551
865 69068
442 78117
260 93005
340 59213
721 92777
417 11339
210 58678
349 83761
251 25894
602 46888
905 71
292 11372
641 34646
604 95576
461 96475
59 60535
454 7917
554 32751
775 87429
440 2056
373 1289
695 12691
829 44626
730 22195
430 61476
935 52899
727 82389
660 7554
515 4025
387 95295
741 29023
804 79729
628 85952
117 78918
881 43046
547 94241
547 53062
467 81265
832 19373
396 37970
580 59646
843 14195
645 12196
593 97605
710 29170
149 96271
645 63184
736 27159
461 42641
528 74125
849 790
796 87807
453 38110
805 26893
653 35215
177 59413
785 37358
794 87763
301 72093
461 42182
712 91775
498 84861
641 44252
615 61727
249 81797
295 9661
660 51005
11 51048
283 83990
221 9226
935 40687
371 72985
361 35882
161 1165
199 23207
429 93306
578 48704
21 20101
521 9135
201 47770
798 84954
318 2221
57 65586
362 7174
462 80756
271 9110
419 67190
22 11134
710 79172
894 92960
170 52880
640 28819
101 51515
514 65407
742 56585
857 24676
1000 87735
760 59996
518 2980
105 44466
313 30854
123 99205
378 98766
633 32639
958 19449
207 53083
835 50539
219 22991
46 22866
333 28211
205 69077
773 73643
390 16045
836 23454
697 83183
164 65222
476 78517
822 3612
516 9063
762 67554
202 11181
873 46265
204 13141
910 16979
712 48669
62 70503
274 1012
410 88653
546 48144
886 23676
930 64813
653 1401
114 29152
625 8042
62 36376
862 33072
862 13569
465 35487
114 4034
851 95748
692 60159
419 59972
837 54007
709 57015
559 83874
10 73410
55 82800
968 81157
179 5256
377 58595
513 48763
797 97495
779 70805
157 15127
493 43826
542 58729
625 34741
353 43114
901 82956
105 76123
239 57221
308 68845
224 41240
72 51170
704 7156
216 39184
508 85668
210 2315
577 51841
266 31726
565 44707
665 53141
247 44688
569 43793
113 80828
651 63747
919 68268
39 18575
699 20998
927 231
806 3742
11 11336
789 13930
889 57251
912 85394
863 69988
850 52349
536 80382
663 83464
434 55645
131 7193
609 76995
612 35171
756 35202
9 42417
121 35364
305 23901
797 1173
124 37018
653 19184
173 26922
399 90229
680 82131
230 71447
408 93525
519 42726
421 50770
706 39931
189 82871
167 27783
524 89714
486 71688
969 64712
451 85469
380 22471
979 81197
621 65345
629 56800
131 90870
891 92060
226 63207
558 91601
838 2668
334 83676
634 97311
688 44885
438 86181
906 51795
963 95962
507 43615
112 64847
165 65221
595 37122
234 86149
284 76779
83 84985
125 47779
259 93288
116 4355
618 89373
155 64664
404 12987
305 25624
535 86694
327 45806
98 98987
287 6520
336 5610
239 89644
35 77197
667 26008
723 67545
272 72892
197 26438
279 93687
36 60736
193 54284
678 45748
87 34029
80 63776
35 37535
346 83782
764 95147
861 27166
200 84498
467 34492
742 14516
559 14582
88 11728
867 27836
215 84559
45 31181
772 36913
279 48088
237 79208
475 67952
259 5133
1 4002
608 92411
581 91764
822 72365
726 61355
722 9040
365 50369
85 18816
295 6014
102 86818
165 97212
570 61347
813 88466
672 63713
656 25114
98 25466
677 18838
902 8886
806 79700
974 8744
287 51547
171 1243
341 5722
605 34535
561 21990
27 53383
207 37262
384 92105
628 63236
922 4455
553 27439
860 30906
335 97557
54 46143
113 1946
405 23195
189 61931
238 94504
163 68942
809 57498
995 19614
820 71789
906 22983
59 18954
754 53148
363 52835
313 42371
118 55591
328 29569
558 69022
201 96858
990 46242
360 27226
966 58504
382 6454
329 65375
968 82683
829 37081
828 65804
780 51472
626 66194
880 85342
939 8385
340 17315
346 47343
315 24590
370 91548
270 40203
583 98747
952 89918
250 81142
662 29009
318 39629
568 17808
531 37885
888 65483
620 28985
700 45909
935 81034
359 4515
378 13947
209 2489
744 68600
136 96115
133 95249
895 6214
391 86560
556 56029
126 72588
475 44442
151 85320
732 45193
70 18726
585 37391
291 79349
642 3540
574 91177
863 9845
667 13677
84 11446
651 38984
538 69038
560 6535
126 10601
464 71761
686 67030
246 77793
979 18601
864 8303
233 70743
216 83689
382 59859
452 2828
48 80467
176 66287
465 15100
970 84846
206 84315
132 83942
680 73086
846 78377
564 98539
590 82275
8 47675
446 88887
766 51700
649 50004
251 90976
313 34821
94 77276
271 10925
297 13776
993 61521
553 80878
780 80674
370 91433
186 77910
385 2679
640 32571
782 13793
379 40225
517 6916
921 84587
706 17543
570 43330
520 3666
575 12759
524 12435
907 79129
498 15345
548 37833
713 53842
246 84131
223 47171
926 2997
349 69229
852 15294
375 68380
955 53274
535 19911
960 35472
627 23914
8 32601
165 66377
233 40376
481 86047
798 10903
932 90685
407 88885
884 9428
594 33762
760 29385
941 73276
368 25796
182 75341
614 15732
999 19767
768 99523
140 82253
153 2235
180 22742
221 59377
121 2819
588 77803
302 10782
734 28845
720 72215
898 96350
279 10557
144 12401
405 29053
847 46960
219 53455
441 39196
215 44523
713 7620
753 68011
696 20799
736 63069
981 60452
35 4713
894 99639
99 35233
178 21308
761 66435
982 39713
240 30003
784 36124
736 50600
435 29734
442 63805
501 32211
442 7185
123 81596
221 13671
833 62190
824 42245
913 23963
714 67477
868 17614
516 12118
983 17512
882 19294
144 31724
314 8425
244 35574
63 41142
106 80217
687 20233
511 61890
60 71890
3 59952
713 70543
77 58977
585 23049
93 91107
351 65252
493 39193
950 16153
183 31851
380 73826
700 48884
428 40490
604 79708
852 5298
40 86487
281 36221
837 74222
750 64103
778 36817
572 8680
576 1956
702 46444
370 19140
841 51785
191 74180
503 3128
420 62441
230 77466
880 84122
942 71028
807 64059
216 83358
521 62785
303 25002
587 43618
607 33050
572 58995
353 36563
246 89865
376 46651
997 76334
917 89108
212 709
106 65338
686 24967
976 65239
760 78658
310 25804
494 13596
851 44226
281 76309
47 30190
76 50548
482 66438
843 34219
728 22850
880 29463
670 67222
794 14788
361 17291
810 15832
362 78921
306 11709
489 50069
776 3857
193 50278
601 23050
58 73149
507 92680
50 42444
392 22302
407 4773
416 38056
126 34253
746 19663
799 68631
936 73529
371 32161
573 97085
268 7393
95 26322
471 35023
12 46972
288 28587
392 41641
632 9877
687 95854
400 37521
830 19892
532 25714
218 72806
767 38031
629 89028
691 49505
79 59622
575 87151
839 48158
185 12785
770 46112
936 40117
541 5046
407 59571
790 81259
557 80614
27 95339
259 20146
892 98085
151 73875
745 10708
145 84601
110 77503
420 10321
731 69639
723 20195
48 36755
762 16418
563 69909
194 63825
467 17204
619 70175
759 71050
882 49421
600 36472
937 54248
327 53711
856 52870
720 44063
961 60496
233 51006
589 52252
821 28436
404 64063
511 14104
560 47970
113 36697
361 60875
681 42899
136 61212
976 55837
29 87266
568 64451
