534
533 17344
401 6971
215 20917
866 55362
726 29297
774 70566
602 4854
12 44532
218 17343
512 4373
614 20061
636 11500
291 48199
649 4872
109 88863
934 74557
707 35508
134 24327
442 89209
513 72556
573 11295
30 46801
688 32490
261 72574
473 66708
428 97921
175 15066
94 85438
890 1180
921 43505
966 8453
129 66743
595 30483
628 93871
853 26328
671 79387
503 49317
755 53913
583 5473
28 54926
330 19483
611 6861
912 29097
228 81721
426 18816
708 94601
839 15896
800 67360
553 95928
546 89782
158 79107
678 52091
684 87330
865 66422
881 18063
325 81007
765 32457
27 44093
178 49363
114 38336
816 74766
797 78288
254 8407
36 60474
550 17746
99 89718
537 82910
117 80629
915 15779
395 16281
961 62296
487 46893
414 19246
331 2778
386 72069
105 37162
787 27011
555 43880
875 71293
263 65456
190 13204
748 14048
521 55227
67 13575
999 47828
873 28736
284 15630
752 18999
168 37522
794 28311
484 82633
612 90095
900 28099
585 66405
884 29123
597 13739
752 52230
917 82490
907 63528
150 10267
880 30621
978 86123
886 85242
28 57331
161 86287
12 3225
363 65227
230 57576
46 24566
507 41560
872 66269
714 48906
978 67211
558 21615
763 61366
158 51292
722 49778
723 49938
781 83425
667 94924
735 41584
976 2593
439 13976
413 93766
619 6723
443 68250
716 89962
503 28365
974 32212
519 73984
97 37554
331 5077
80 89581
725 14283
766 61377
597 11320
806 39259
1 63831
588 53930
520 24308
564 70110
934 63506
900 26231
514 32552
283 90165
178 58664
583 43417
505 25846
331 29417
145 96320
381 71609
232 26010
541 1193
211 52877
495 68995
135 69024
721 30594
366 21628
928 45159
436 158
996 8253
221 59104
956 34873
718 13029
740 76332
137 64961
1 32380
787 62689
837 78857
831 84304
933 38089
21 98294
139 98476
7 6436
457 12251
430 71915
145 84210
20 24753
39 40658
360 42915
954 60606
990 18103
237 83050
549 87692
188 76930
11 36432
804 31884
743 70046
76 24202
442 59772
568 99129
924 75581
679 18658
977 3903
491 5899
392 66526
456 70196
709 18374
706 56972
354 62262
697 77
799 21084
871 43260
999 9053
632 59124
852 57522
228 57862
189 37221
396 39723
940 78072
181 12253
64 24543
872 73651
915 63820
873 97479
55 12945
152 92799
144 46345
884 56632
986 4070
22 46044
731 74946
126 71109
960 96298
667 78175
324 45917
644 51660
899 44557
911 18804
307 19718
644 22832
948 59222
162 53276
787 38228
152 50827
286 56260
108 39602
76 68542
419 91661
345 35505
133 59347
233 68872
135 52181
287 64770
913 48194
91 25960
753 58363
586 33411
215 55722
997 2873
935 15335
184 29277
257 6433
412 48291
826 21162
630 57052
361 42507
644 98571
10 6058
639 10571
281 4131
900 92770
547 18417
758 25098
707 89248
996 28030
381 84103
646 30929
483 61678
450 46668
595 28317
442 28739
841 64631
625 21855
700 87068
919 85176
16 61827
785 99826
976 80723
12 66824
972 91961
222 92522
991 75684
115 48478
156 72628
411 82566
423 21782
242 65762
618 10812
124 10586
632 31627
652 28717
227 15451
232 47694
195 64377
612 95937
657 20761
990 27405
671 31020
146 79047
820 63357
245 99385
59 7168
347 71442
823 35121
126 5815
196 13548
478 24992
589 24360
897 38932
982 59605
642 8881
641 14363
272 54897
988 41181
103 38574
715 46653
334 30117
345 91903
303 90894
299 1660
494 39207
65 66463
936 52070
40 29229
744 74626
492 989
311 32706
180 32054
776 31432
208 705
118 98767
468 22396
892 62150
607 52779
718 1616
872 11815
6 1396
854 7525
848 72679
380 83766
30 88631
787 78682
13 5391
101 39516
180 65117
870 75421
963 64358
746 27940
351 2066
767 55310
339 36632
925 95056
885 9973
179 22953
538 30747
872 55609
738 52817
927 90635
989 52128
602 76048
552 5969
687 61340
289 30919
428 34562
220 81359
459 39957
349 63495
675 5744
978 99782
396 85048
7 3700
56 61659
313 42812
933 91539
61 21445
492 10712
195 30387
520 69839
690 19886
546 65374
89 68116
856 31373
297 45152
143 20009
503 64822
10 46600
424 24872
41 80800
354 87450
867 57662
663 21874
937 72146
601 41026
311 57764
291 65096
371 76762
688 602
404 52081
859 67207
917 64449
105 94944
819 39161
379 49686
533 38245
538 59849
307 44742
1 36209
282 29136
404 92279
420 11332
338 3586
370 53123
221 60733
585 74105
377 46847
226 15101
508 2049
912 92893
296 11550
350 12487
450 19987
326 40130
200 89958
313 68980
505 65676
574 85811
193 84391
265 24961
201 5914
324 48656
842 42916
698 66919
380 77658
535 33560
520 41072
221 66084
425 83622
998 16635
423 75853
673 47972
133 42020
161 75588
473 68715
530 59693
553 76554
246 76592
651 24884
21 39509
941 46670
669 67303
593 1688
233 95172
561 61630
601 81437
950 26771
510 94798
730 75451
222 94821
520 41362
131 38789
270 51682
379 50639
140 90138
52 47186
998 85780
66 45699
270 82842
463 82295
947 41691
339 48130
610 25120
389 58353
666 21641
919 2135
868 58337
182 91047
534 40895
135 83647
690 6123
689 6917
888 42068
437 27328
909 22721
867 6331
905 95322
175 95360
430 78428
726 75146
236 67400
86 50214
839 30425
888 93761
823 33718
71 43836
344 93481
245 54863
530 12330
947 52422
371 2629
767 81276
703 29735
75 67568
468 95688
797 96903
525 63166
646 62315
13 85124
637 68955
173 17992
587 45175
603 3715
329 24383
368 95993
758 69290
511 70377
457 63874
929 28393
909 90401
509 45392
914 35027
843 73808
478 34551
188 55426
422 99552
314 5925
172 36743
731 43565
858 14637
757 44988
604 89722
901 30947
486 49534
287 20628
